3433
3764
8822
4284
6702
5686
1923
9716
2463
6217
5911
4504
7121
6703
3634
8443
3411
6075
7826
6948
9975
5870
7719
5622
7688
6469
7910
2612
5155
1183
6107
5487
2786
8512
6117
3844
7263
4548
7605
2157
6738
3471
5290
5758
5508
5649
8087
9491
6013
6966
9603
5819
7382
2811
2727
4345
9806
1749
3812
8960
9257
7585
5236
3175
4877
3449
3470
4937
6580
3443
4183
6277
1136
7597
5414
3660
8946
1217
9531
9340
3482
7271
6628
1134
7917
7898
9317
6714
8019
5358
9889
5476
8105
6483
3433
6801
9891
8797
9963
6977
6188
4662
1808
9820
8453
1043
7978
7115
6189
7889
2251
1295
3222
2425
6072
2445
9064
9264
7154
4012
6715
5143
2159
6946
4700
1495
6405
1847
4337
5486
2544
5375
1338
4383
1650
3456
8789
6687
1107
9898
5436
9924
9078
7697
9241
4372
2260
5431
8864
1800
7218
7835
7286
8485
5262
7012
3621
6209
4118
6849
4205
6840
2959
9253
9057
4649
6089
6318
7531
9415
4506
5854
3898
5497
6985
2344
4959
8287
3487
5093
4989
7100
8350
8027
2111
7298
5752
9111
4003
3916
4102
4177
5520
9272
3794
7916
1825
5023
1600
5187